name: agenttask_py311
channels:
  - defaults
dependencies:
  - asttokens=3.0.1=py311haa95532_0
  - blas=1.0=mkl
  - bzip2=1.0.8=h2bbff1b_6
  - ca-certificates=2026.5.14=haa95532_0
  - colorama=0.4.6=py311haa95532_0
  - comm=0.2.3=py311haa95532_0
  - debugpy=1.8.16=py311h885b0b7_1
  - decorator=5.2.1=py311haa95532_0
  - executing=2.2.1=py311haa95532_0
  - intel-openmp=2025.0.0=haa95532_1165
  - ipykernel=7.2.0=py311h4442805_0
  - ipython=9.7.0=py311haa95532_0
  - ipython_pygments_lexers=1.1.1=py311haa95532_0
  - jedi=0.20.0=py311haa95532_0
  - jupyter_client=8.8.0=py311haa95532_0
  - jupyter_core=5.9.1=py311haa95532_0
  - libexpat=2.8.1=hd7fb8db_0
  - libffi=3.4.8=h2b21627_2
  - libhwloc=2.12.1=default_hfa10c62_1000
  - libiconv=1.18=hc89ec93_0
  - libsodium=1.0.21=h19b670b_0
  - libxml2=2.13.9=h6201b9f_0
  - libzlib=1.3.1=h1c6eee0_1
  - matplotlib-inline=0.2.1=py311haa95532_0
  - mkl=2025.0.0=h585ebfc_931
  - mkl-service=2.5.2=py311h0b37514_0
  - mkl_fft=2.2.0=py311h18b77b3_0
  - mkl_random=1.3.0=py311ha5e6156_0
  - nest-asyncio=1.6.0=py311haa95532_0
  - numpy=2.4.4=py311h9606935_1
  - numpy-base=2.4.4=py311h89dd80d_1
  - openssl=3.5.6=hbb43b14_0
  - packaging=26.0=py311haa95532_0
  - pandas=3.0.3=py311hf6ff4c0_0
  - parso=0.8.7=py311haa95532_0
  - pip=26.1.1=pyhc872135_1
  - platformdirs=4.9.4=py311haa95532_0
  - prompt-toolkit=3.0.52=py311haa95532_1
  - prompt_toolkit=3.0.52=hd3eb1b0_1
  - psutil=7.0.0=py311h02ab6af_1
  - pure_eval=0.2.3=py311haa95532_0
  - pygments=2.20.0=py311haa95532_0
  - python=3.11.15=h1044e36_0
  - python-dateutil=2.9.0post0=py311haa95532_2
  - python-tzdata=2026.2=pyhd3eb1b0_0
  - pywin32=311=py311h885b0b7_0
  - pyzmq=27.1.0=py311h7149c55_1
  - setuptools=82.0.1=py311haa95532_0
  - six=1.17.0=py311haa95532_0
  - sqlite=3.51.2=hee5a0db_0
  - stack_data=0.6.3=py311haa95532_0
  - tbb=2022.3.0=h90c84d6_0
  - tbb-devel=2022.3.0=h90c84d6_0
  - tk=8.6.15=hf199647_0
  - tornado=6.5.5=py311h1c6eee0_0
  - traitlets=5.15.0=py311haa95532_0
  - typing_extensions=4.15.0=py311haa95532_0
  - tzdata=2026b=he532380_0
  - ucrt=10.0.22621.0=haa95532_0
  - vc=14.3=h2df5915_12
  - vc14_runtime=14.44.35208=h4927774_12
  - vs2015_runtime=14.44.35208=ha6b5a95_12
  - wcwidth=0.2.14=py311haa95532_0
  - wheel=0.46.3=py311haa95532_0
  - xz=5.8.2=h53af0af_0
  - zeromq=4.3.5=h6a984cb_2
  - zlib=1.3.1=h1c6eee0_1
  - pip:
      - annotated-doc==0.0.4
      - annotated-types==0.7.0
      - anyio==4.13.0
      - certifi==2026.5.20
      - charset-normalizer==3.4.7
      - click==8.4.1
      - distro==1.9.0
      - dotenv==0.9.9
      - fastapi==0.136.3
      - h11==0.16.0
      - httpcore==1.0.9
      - httpx==0.28.1
      - idna==3.17
      - jiter==0.15.0
      - jsonpatch==1.33
      - jsonpointer==3.1.1
      - langchain-core==1.4.0
      - langchain-openai==1.2.2
      - langchain-protocol==0.0.16
      - langgraph==1.2.2
      - langgraph-checkpoint==4.1.1
      - langgraph-prebuilt==1.1.0
      - langgraph-sdk==0.3.15
      - langsmith==0.8.8
      - openai==2.38.0
      - orjson==3.11.9
      - ormsgpack==1.12.2
      - pydantic==2.13.4
      - pydantic-core==2.46.4
      - python-dotenv==1.2.2
      - pyyaml==6.0.3
      - regex==2026.5.9
      - requests==2.34.2
      - requests-toolbelt==1.0.0
      - sniffio==1.3.1
      - starlette==1.2.1
      - tenacity==9.1.4
      - tiktoken==0.13.0
      - tqdm==4.67.3
      - typing-inspection==0.4.2
      - urllib3==2.7.0
      - uuid-utils==0.16.0
      - uvicorn==0.48.0
      - websockets==16.0
      - xxhash==3.7.0
      - zstandard==0.25.0
prefix: C:\ProgramData\anaconda3\envs\agenttask_py311
